ext_front
-0.271430 0.006286 -0.962438 3744.097676 
0.016520 -0.999801 -0.011189 -13.720687 
-0.962316 -0.018936 0.271273 565.655164 
0.000000 0.000000 0.000000 1.000000 
ext_right
-0.047268 -0.996137 -0.074012 1988.487567 
0.370968 -0.086302 0.924627 -641.809528 
-0.927442 0.016249 0.373614 959.796520 
0.000000 0.000000 0.000000 1.000000 
ext_back
0.426139 -0.053131 0.903096 -804.035755 
-0.028528 0.996988 0.072116 -30.058246 
-0.904208 -0.056495 0.423340 857.772858 
0.000000 0.000000 0.000000 1.000000 
ext_left
-0.057369 0.997001 -0.051934 2022.316855 
-0.446174 -0.072140 -0.892034 565.518574 
-0.893106 -0.028003 0.448974 995.233916 
0.000000 0.000000 0.000000 1.000000 
ext_top
-39.062500 0.000000 6410.000000 
0.000000 -39.062500 5000.000000 
0.000000 0.000000 1.000000 
